# 渠道 SKU 前三位（一行一个）。纯数字 130 → 130（PO 占位符用本列表）。
# 库存健康合并河北/山东：另见同目录 channel_families.txt（行格式 河北_378），不要改本文件为省名。
# 用于 po.txt / PO.txt 中 p.Sku LIKE '{sku}%' 占位符：未单独配置 po_sku_prefix 时按本列表 UNION 查询。
095
130
155
156
157
158
166
172
175
268
271
278
281
288
296
298
305
320
321
352
353
354
355
356
357
360
362
364
365
366
367
368
369
370
371
373
374
375
376
377
378
379
381
382
383
384
385
386
387
388
389
390
395
396
422
425
429
430
431
432
433
434
436
437
438
439
440
441
444
445
446
447
449
451
515
524
559
588
589
625
630
640
645
650
655
658
659
666
670
688
699
723
730
759
775
780
799
800
806
810
812
821
830
835
845
855
857
870
873
875
877
911
918
925
930
945
950
958
960
965
975
980
996
999
